0 0.05078125 0.1462359375 0.048828125 0.1902640625 0.056640625 0.24372656250000002 0.0615234375 0.2515890625 0.1220703125 0.2767484375 0.1787109375 0.3207765625 0.185546875 0.319203125 0.193359375 0.300334375 0.1953125 0.281465625 0.19140625 0.193409375 0.1796875 0.1462359375 0.1572265625 0.106925 0.1357421875 0.0943453125 0.1044921875 0.0943453125 0.0830078125 0.106925 0.05078125 0.1462359375
0 0.1337890625 0.591234375 0.1748046875 0.6163937500000001 0.18359375 0.6148203125 0.1953125 0.583371875 0.1953125 0.5424890625 0.1796875 0.45757812500000006 0.1630859375 0.42770156249999997 0.1396484375 0.40883281250000003 0.1064453125 0.40883281250000003 0.0546875 0.4387078125 0.05078125 0.5173296875 0.0615234375 0.566075 0.0751953125 0.575509375 0.1337890625 0.591234375
0 0.330078125 0.2688859375 0.3359375 0.2091328125 0.3525390625 0.185546875 0.3828125 0.174540625 0.375 0.14938125 0.3544921875 0.113215625 0.3291015625 0.0943453125 0.3017578125 0.0912015625 0.2666015625 0.106925 0.248046875 0.13365625 0.2421875 0.15567031250000002 0.2421875 0.2059890625 0.25 0.23743750000000002 0.2685546875 0.257878125 0.2763671875 0.257878125 0.2900390625 0.2798921875 0.3115234375 0.2830375 0.3203125 0.3066234375 0.341796875 0.334928125 0.34375 0.32549375 0.322265625 0.284609375 0.330078125 0.2688859375
0 0.509765625 0.2185671875 0.5185546875 0.1886921875 0.5322265625 0.185546875 0.5498046875 0.204415625 0.5791015625 0.201271875 0.580078125 0.193409375 0.55859375 0.1651046875 0.54296875 0.1273671875 0.5302734375 0.11007031249999999 0.5087890625 0.0943453125 0.4833984375 0.0912015625 0.4580078125 0.1037796875 0.44140625 0.124221875 0.427734375 0.158815625 0.423828125 0.2091328125 0.427734375 0.24372656250000002 0.4326171875 0.2515890625 0.4794921875 0.2830375 0.494140625 0.284609375 0.5009765625 0.2798921875 0.5078125 0.2625953125 0.509765625 0.2185671875
0 0.333984375 0.583371875 0.345703125 0.5141843749999999 0.3544921875 0.5063234375000001 0.392578125 0.4984609375 0.37109375 0.441853125 0.3486328125 0.415121875 0.3388671875 0.40883281250000003 0.2880859375 0.41197656250000003 0.2626953125 0.433990625 0.2421875 0.46701249999999994 0.248046875 0.5078953125 0.24609375 0.548778125 0.2666015625 0.5818 0.2978515625 0.5943796875 0.3115234375 0.610103125 0.330078125 0.6682828125 0.3359375 0.6682828125 0.337890625 0.6557031249999999 0.326171875 0.617965625 0.32421875 0.5959515625 0.333984375 0.583371875
0 0.5029296875 0.60066875 0.5517578125 0.6415515625 0.560546875 0.6399796875 0.560546875 0.6211109375 0.568359375 0.59280625 0.5625 0.564503125 0.5517578125 0.556640625 0.5361328125 0.566075 0.5166015625 0.5503515625000001 0.509765625 0.53934375 0.509765625 0.5110406249999999 0.5146484375 0.5000328125 0.5458984375 0.48430937500000004 0.5517578125 0.4748734375 0.5771484375 0.4748734375 0.5908203125 0.46543906249999994 0.59375 0.46072187500000006 0.5888671875 0.4528609375 0.5634765625 0.4465703125 0.5380859375 0.42455625 0.5029296875 0.4056875 0.4658203125 0.415121875 0.431640625 0.44499843749999995 0.42578125 0.48588125 0.4306640625 0.5629296874999999 0.4619140625 0.58494375 0.5029296875 0.60066875
0 0.626953125 0.5267640625000001 0.6455078125 0.566075 0.6748046875 0.60066875 0.6865234375 0.610103125 0.7060546875 0.6069578124999999 0.7109375 0.6525593749999999 0.71875 0.6557031249999999 0.71875 0.5424890625 0.76953125 0.520475 0.759765625 0.46701249999999994 0.7353515625 0.42455625 0.7119140625 0.40883281250000003 0.6748046875 0.40883281250000003 0.6474609375 0.42455625 0.626953125 0.4733015625 0.626953125 0.5267640625000001
0 0.6669921875 0.19498125 0.7041015625 0.1918359375 0.7197265625 0.1981265625 0.7353515625 0.185546875 0.7724609375 0.1792578125 0.7734375 0.1713953125 0.7578125 0.15567031250000002 0.751953125 0.1305125 0.7412109375 0.113215625 0.7255859375 0.1006359375 0.7001953125 0.0912015625 0.6669921875 0.0943453125 0.6455078125 0.11007031249999999 0.634765625 0.1273671875 0.625 0.1651046875 0.625 0.193409375 0.62890625 0.212278125 0.6435546875 0.22642968749999998 0.654296875 0.22485781249999998 0.658203125 0.22171249999999998 0.66015625 0.20284375 0.6669921875 0.19498125
0 0.818359375 0.22485781249999998 0.8271484375 0.2453 0.8974609375 0.26416875 0.9404296875 0.292471875 0.9453125 0.2909 0.95703125 0.2625953125 0.95703125 0.212278125 0.939453125 0.1368015625 0.9248046875 0.11007031249999999 0.9013671875 0.0943453125 0.8779296875 0.0912015625 0.8447265625 0.1037796875 0.818359375 0.124221875 0.8125 0.1902640625 0.818359375 0.22485781249999998
0 0.896484375 0.564503125 0.904296875 0.5361984375 0.900390625 0.520475 0.9189453125 0.5000328125 0.9443359375 0.4968875 0.947265625 0.4890265625 0.9453125 0.476446875 0.935546875 0.44499843749999995 0.9248046875 0.42770156249999997 0.9091796875 0.415121875 0.8837890625 0.4056875 0.8447265625 0.41197656250000003 0.8291015625 0.42770156249999997 0.814453125 0.4544328125 0.814453125 0.5267640625000001 0.8310546875 0.566075 0.8388671875 0.572365625 0.8603515625 0.5692203124999999 0.8681640625 0.575509375 0.880859375 0.6211109375 0.888671875 0.6242546875 0.888671875 0.5770828125 0.896484375 0.564503125
0 0.91015625 0.831815625 0.9306640625 0.801940625 0.9521484375 0.79565 0.955078125 0.7814984375 0.94140625 0.75005 0.9228515625 0.7296078125000001 0.8935546875 0.7201734375 0.8623046875 0.72331875 0.8349609375 0.7421875 0.82421875 0.7626296875 0.818359375 0.794078125 0.818359375 0.83810625 0.82421875 0.8632640625000001 0.8408203125 0.8899953125 0.8857421875 0.9183 0.892578125 0.9576109374999999 0.90234375 0.9607546875 0.904296875 0.9418859375 0.8984375 0.9198718749999999 0.912109375 0.9010031250000001 0.91015625 0.831815625
0 0.57421875 0.8443953125 0.576171875 0.82238125 0.5703125 0.7909328125 0.5498046875 0.7484765624999999 0.5263671875 0.7264625 0.4931640625 0.7201734375 0.4521484375 0.7296078125000001 0.4453125 0.7374703125 0.447265625 0.75005 0.431640625 0.7626296875 0.42578125 0.8035125000000001 0.4453125 0.856975 0.494140625 0.9198718749999999 0.49609375 0.9576109374999999 0.50390625 0.9639 0.50390625 0.9324515625 0.51171875 0.9230171875 0.509765625 0.9041484375 0.52734375 0.8601203125 0.57421875 0.8443953125
0 0.337890625 0.9324515625 0.3359375 0.882134375 0.3388671875 0.874271875 0.3447265625 0.8899953125 0.3662109375 0.902575 0.3759765625 0.902575 0.37890625 0.8947140625 0.380859375 0.82238125 0.375 0.7877875000000001 0.3671875 0.7626296875 0.3525390625 0.7390421875000001 0.3369140625 0.7264625 0.3037109375 0.7201734375 0.2763671875 0.7296078125000001 0.2626953125 0.7421875 0.2421875 0.7846437500000001 0.2421875 0.8412499999999999 0.25 0.8664093749999999 0.2607421875 0.88370625 0.2822265625 0.893140625 0.318359375 0.9481765624999999 0.3212890625 0.962328125 0.328125 0.9607546875 0.337890625 0.9324515625
0 0.1796875 0.778353125 0.1650390625 0.7484765624999999 0.1376953125 0.72331875 0.0947265625 0.72331875 0.0693359375 0.7390421875000001 0.056640625 0.7563390625 0.052734375 0.778353125 0.048828125 0.8192359375 0.052734375 0.8538296875 0.1123046875 0.9214453125000001 0.1318359375 0.9245890625 0.13671875 0.9513203125 0.142578125 0.9513203125 0.142578125 0.9261625 0.150390625 0.916728125 0.158203125 0.8412499999999999 0.1806640625 0.83024375 0.1875 0.8192359375 0.1796875 0.778353125
0 0.638671875 0.759484375 0.62890625 0.7909328125 0.625 0.8286718750000001 0.6416015625 0.8868515625000001 0.6943359375 0.8962859375000001 0.7548828125 0.9340234374999999 0.763671875 0.9324515625 0.76953125 0.9230171875 0.7734375 0.9010031250000001 0.771484375 0.82238125 0.759765625 0.7720640624999999 0.7451171875 0.7453328124999999 0.7294921875 0.7296078125000001 0.6962890625 0.7201734375 0.6611328125 0.732753125 0.638671875 0.759484375